0 4090 6016 14124 7150 12138 12580 12124 15253 2098 13114 9019 4461 1801 12461 1458 2502 12244 3553 5369 13822 6992 11116 2583 14959 4302 6902 12317 6031 3613 7018 5363 4493 5645 10456 8796 13159 5200 5475 16099 4680 5969 14167 5302 6867 15389 14390 7565 4567 13076 13059 2871 4576 6021 4793 3111 12229 12588 14773 2910 14264 6588 3150 4336 7349 3642 14919 6001 13149 4511 5319 12203 16367 6855 8396 2057 5014 7112 6317 3678 6628 12510 12146 8333 14290 5792 8317 8381 12958 12668 13851 4976 4181 6747 1866 6269 1659 1896 6111 5883 2807 5063 13096 6239 5765 2678 2408 4542 12004 3986 1592 1640 3799 4176 2705 7820 8199 5300 4161 5156 4952 5274 6117 5052 3558 6669 4589 11170 12254 7515 5824 5336 14321 9963 3455 5088 3251 4131 12181 6576 6228 3949 7848 11226 2257 12155 12375 13876 14100 5874 6603 5517 4004 8327 5312 1754 484 7704 14240 9489 14351 15234 5935 4024 6473 12345 1428 5907 3417 3990 5189 9137 12182 12296 9467 12435 13976 6820 1791 8404 4064 4093 8234 5328 4260 4593 10763 3267 8142 5684 4522 7589 3152 4711 12412 4775 5108 2206 5308 812 5316 4174 7905 7109 14049 12495 4962 3467 1203 12472 12849 4853 2897 1124 5761 11632 9995 14539 1242 12494 12767 4365 12231 12309 13547 2343 5838 6885
4090 0 1975 16839 6238 8091 12700 8061 12360 2017 9070 12989 707 2297 8752 3288 6527 8157 1499 1640 10140 4259 7274 6506 11043 438 6611 8951 10076 529 3833 5068 8538 3484 8376 4899 9337 3885 3287 13040 8308 9855 10106 6470 5201 17503 10460 4338 608 9321 9006 1414 1061 5300 1660 4029 8155 8621 10712 2002 10524 4504 3441 1966 7648 4064 12803 2910 16615 2233 1452 8163 16723 4812 4698 2092 1600 4076 2241 413 5017 8424 8098 11715 10640 1946 4813 4749 8885 8726 10106 8722 670 3794 5947 10336 2465 2338 2544 2281 1892 1061 9202 9094 1910 1804 3488 4930 14894 168 2880 4619 7779 1751 1621 7922 4914 2013 1631 1389 8708 6756 6539 9137 7017 3376 767 13895 8174 3641 7911 6574 11114 13175 955 1038 5871 111 8119 2603 6823 8023 7124 14404 6231 8107 16201 17962 10222 2940 4123 8340 89 11640 2411 4241 4526 11469 10254 13367 10852 11322 9677 1205 2382 8323 3433 7848 785 4659 4937 6892 8126 8214 5850 8350 16745 4589 2796 4737 381 6256 4841 9415 873 667 14459 4726 8319 8704 4231 3554 7013 3117 8350 2132 1184 1908 8912 4170 5697 8236 11985 4325 17373 8406 1148 650 3304 8545 15837 4775 1598 3730 2533 8163 12453 11462 4338 16241 8684 8314 8196 8270 16523 3969 5858 6892
6016 1975 0 17476 5882 6303 11863 6248 10520 3981 7271 14642 1936 4250 7275 5020 8486 6281 3209 1796 8613 3210 5757 8478 9067 1933 6513 7099 12036 2499 2520 5336 10496 3161 8012 2945 7743 3973 3038 11143 10264 11528 8271 7127 4643 17223 8744 2880 1704 7781 7194 3180 2120 5272 2530 5190 6317 6922 8870 3467 8940 3861 4572 3201 7661 5005 11130 3035 18088 3366 1546 6199 15822 4112 2853 4064 2229 2831 374 2367 5535 6554 6308 13554 9109 1605 3086 2943 6941 7048 8537 10689 2202 3703 7847 12177 4361 4172 2289 2134 3455 1357 7555 10863 1579 3476 5357 5579 16237 2113 4651 6583 9749 3092 3371 7787 3328 1562 2990 1739 10676 7505 6822 11023 8588 2091 1444 15273 6325 1732 8767 7244 9805 14880 2849 1230 7743 1966 6305 669 7135 9965 6699 15996 8197 6317 18083 19652 8553 2215 3310 10135 2052 13457 2976 5854 6469 13421 8495 15330 8926 9347 11638 2713 671 6566 5155 8643 2745 6229 5265 5685 6323 6359 4680 6484 17475 3820 4520 2909 2142 7386 3188 11304 2274 1722 16339 5889 8159 10533 4768 1582 8762 3389 6397 3075 1489 3810 10859 6143 6144 10186 13919 3220 18363 6522 1127 2556 5280 6889 17068 5241 3521 5497 2707 6910 13847 9613 6311 18057 6819 10288 6425 6490 17536 5403 6086 6893
14124 16839 17476 0 16660 12329 10408 12443 10395 15567 11480 7122 16338 15438 10885 15525 11721 12612 15353 15921 9715 18850 12343 11565 10844 16528 16037 13582 8470 16447 18826 17060 9899 19324 9485 16554 10623 18378 19347 9604 9444 9933 10674 15152 17866 1268 9934 18309 16588 10505 11585 16676 15998 17248 15415 16334 12453 11568 10151 17011 9502 18632 16831 14924 14886 16749 10213 14547 1353 14679 16204 13191 2632 18341 17213 15435 15629 18790 17185 16707 12101 12345 12328 5792 9262 15964 17469 17301 12353 11411 9850 9161 16220 13804 12642 8929 15594 15913 15239 15431 16872 16591 10890 8109 15997 16683 13620 16568 2160 16679 15716 12919 10437 15118 16603 14765 17686 18809 15238 16080 9187 14732 15644 9822 12809 18995 17566 3100 12481 17539 13465 15033 8322 4167 15957 16741 11385 16755 12395 17661 15329 10506 15820 2898 11907 12321 2442 2899 10012 19691 19066 8874 16830 5804 14774 15109 13644 6501 10258 4932 11548 10582 8216 15648 16877 12017 15444 13626 16213 12224 17089 16268 12349 12471 13023 12398 149 18591 15915 17244 16469 14495 17612 9553 16042 16528 3551 15765 14392 8597 17355 16941 12287 18589 12903 14865 16393 15975 8816 13636 16206 10249 6968 18751 899 12429 17836 16720 14302 11516 1274 17012 15443 15069 14909 10983 4485 11229 13305 2207 12089 9864 12178 12138 604 15777 16374 15649
7150 6238 5882 16660 0 9572 6485 9409 8175 6724 10118 10497 6858 6695 11384 5777 8831 9039 7579 7416 12144 2884 10181 9155 9125 6627 869 6117 10920 6479 3675 1790 9972 2817 13768 5666 11327 2402 2993 9017 11209 8515 10513 2901 1266 16281 11464 3705 6632 11538 9998 5758 7220 1144 7828 4042 9309 10373 10825 5069 12152 2037 4063 8202 1931 3508 7784 8807 15764 8471 7133 8018 16331 1837 4899 6858 7657 3383 6147 6220 11202 9242 9568 14318 12455 7401 4380 4714 8763 10543 11945 11242 6906 9564 7783 9798 6350 6025 8129 7932 5271 6721 10998 13211 7367 5513 8717 2672 16933 6372 5861 8752 9832 7980 5709 1930 3870 4501 7862 7236 11206 3302 1854 9439 6359 3949 5627 17009 9244 5302 4275 2982 13622 15622 6938 6575 10395 6341 9439 5596 2073 9410 887 16228 8820 9572 14857 13776 11559 3674 2620 12566 6216 14428 8522 5491 7525 13091 11100 13727 7859 9301 11947 7430 6445 9888 5761 4052 6652 10395 1962 2508 9509 9225 10010 9222 16671 2140 5674 4813 6618 4312 4109 9633 7104 6699 14874 4053 2284 12620 2656 6035 7270 3172 8338 8350 6923 6251 11731 7906 2113 9654 11599 2942 15784 9116 5446 6104 7614 10524 16726 2300 7252 6027 8437 11664 16673 7615 8332 15104 9436 10316 9730 9733 16555 4820 1537 1300
12138 8091 6303 12329 9572 0 10955 178 6568 10041 979 18749 7677 10342 1885 11316 14366 686 8679 6790 2659 7196 1582 14195 3901 7842 10438 4724 17431 8538 6605 10373 16216 8319 5690 4248 1776 9260 8349 6621 14997 17757 2029 12249 8596 11328 2459 6262 7578 1968 921 9446 7578 9865 7452 11273 364 805 2634 9766 2828 8131 10694 8047 11317 10928 7799 6476 13680 7964 6822 1888 9809 8115 4982 10082 7188 6753 5954 8504 7371 702 11 15352 3079 6358 5406 5124 1687 975 2499 15498 7958 6011 14004 18399 10555 10420 6139 6337 9758 7080 1468 13820 6382 9770 10575 11074 13434 8177 10933 12099 15374 8141 9646 11047 5857 7515 8121 6991 15513 12690 11369 17149 14813 6666 7734 13427 457 5267 13825 12358 4131 14691 8687 7066 12408 8036 181 5892 11628 15876 9815 14218 14025 19 14756 13913 2327 7481 7654 13565 8179 15167 7114 12148 12529 16577 2193 16725 4867 4108 15995 8166 5744 322 11453 13610 8723 10244 10413 7343 105 514 3237 647 12450 7888 10815 5041 8079 13190 5652 17405 7888 7549 15526 11906 11177 14016 10328 4872 15065 9080 1655 7629 7030 9998 15272 12010 11198 16019 18677 7083 12953 820 7429 8737 11138 959 13224 10586 9282 11786 6599 2609 13174 5944 12004 14532 816 15727 159 193 12874 11642 10797 10857
12580 12700 11863 10408 6485 10955 0 10804 4705 13025 10559 8040 13273 12914 12347 11632 12628 10303 14063 13628 11693 8684 12510 13028 7417 13064 6258 6480 11471 12964 9343 7926 12000 9219 16215 9948 11640 8882 9413 5079 13698 9055 9928 7328 7505 9800 10609 9015 13029 11898 10492 12185 13621 7515 14205 9854 10600 11311 9653 11448 11293 8231 10160 14664 5441 9471 3461 14874 10073 14924 13353 9218 10058 7933 9509 13148 13977 9033 11991 12704 17356 10255 10944 13194 11499 13466 9069 9341 9271 11396 11509 13279 13358 15347 11949 9974 12505 12228 14096 13984 11650 13009 11408 15254 13441 11886 14812 8447 11907 12842 11882 14110 12604 14450 12105 5039 8680 10812 14331 13506 13251 7312 6702 10801 9608 9778 12033 12819 10509 10526 6843 7279 12232 12703 13423 12857 15282 12799 10779 11337 6513 11879 5600 11951 12878 10939 9707 7856 10959 9890 8687 15428 12685 13376 14810 10884 12715 12293 10421 11009 6150 7324 13035 13902 12210 11072 11550 6725 13136 16537 8091 6197 10850 10447 13817 10307 10472 8187 11741 9419 13081 8494 8878 10733 13549 13090 10999 9449 4659 15012 8868 11186 10511 9655 9363 14756 13200 12568 13647 13378 7590 11943 10250 8660 9667 10135 11784 12588 13525 11564 11096 8358 13692 11650 14569 13375 14149 5095 13780 9863 10203 12624 11024 10953 10560 10475 7210 6088
12124 8061 6248 12443 9409 178 10804 0 6451 10025 1022 18672 7664 10325 2062 11267 14387 514 8689 6791 2800 7060 1717 14230 3806 7823 10274 4551 17533 8516 6480 10234 16268 8199 5863 4125 1928 9136 8233 6526 15101 17652 2045 12102 8444 11424 2542 6127 7558 2129 946 9404 7576 9718 7469 11177 204 963 2652 9706 2950 7990 10604 8075 11146 10822 7674 6522 13791 8000 6814 1711 9906 7968 4851 10069 7199 6621 5905 8475 7482 570 170 15530 3209 6357 5266 4989 1546 1134 2633 15604 7948 6081 13990 18393 10527 10383 6162 6353 9703 7061 1612 13970 6380 9721 10614 10947 13586 8151 10890 12133 15426 8163 9603 10872 5712 7431 8140 6988 15617 12542 11212 17157 14724 6552 7685 13593 295 5169 13668 12210 4278 14865 8679 7042 12487 8009 57 5821 11468 15905 9644 14377 14049 171 14861 13957 2432 7373 7519 13700 8149 15345 7151 12083 12523 16751 2259 16891 4734 4021 16129 8172 5703 478 11403 13451 8707 10328 10277 7170 100 356 3334 506 12566 7745 10766 4907 8060 13066 5509 17421 7884 7531 15676 11802 11000 14154 10207 4796 15010 8973 1484 7662 7017 9970 15393 12019 11055 16058 18855 6945 13050 673 7372 8705 11144 1131 13358 10456 9282 11741 6633 2785 13352 5811 12026 14641 730 15797 325 325 12994 11564 10647 10692
15253 12360 10520 10395 8175 6568 4705 6451 0 14053 5978 12247 12457 14195 7690 13805 16813 6009 13729 12045 6993 8459 8144 17200 2753 12435 8571 3422 16015 12875 8642 9960 16703 9718 11516 7621 6955 10063 9907 847 18391 13761 5242 10543 8388 9196 5905 8101 12221 7207 5931 12950 12610 9274 12868 12198 6252 6748 4947 12580 6607 8713 12103 13585 8454 11649 1266 12481 11027 13657 11897 5194 8404 8431 7682 14180 12540 8464 10385 12662 13929 5880 6557 15948 6831 11644 7548 7616 4930 6805 6806 17931 12720 12321 15829 14616 14019 13689 11853 11930 12740 11855 6747 18501 11646 12942 15849 10844 12554 12524 13761 16698 17239 13540 13030 7962 7488 10514 13455 12113 17909 10753 9523 15507 13765 9070 11620 13481 6170 8787 10858 10557 7695 14467 13309 11743 18223 12391 6412 9851 9514 16525 7580 13201 16905 6550 11421 9411 6253 9723 8786 19255 12413 16028 12933 13665 15671 15904 5717 14032 1810 2630 17392 13228 10407 6604 13826 10671 13136 16511 10128 6127 6469 6106 9767 5947 10534 8499 13556 7635 12620 12034 7534 15433 12793 12243 13169 12215 7745 18965 10748 9085 14772 10610 5212 13304 11946 13658 18182 15915 10177 16622 14371 8356 10189 5788 11220 12746 15330 6992 11629 10468 13957 14139 12427 8740 14757 907 16294 11412 5758 17327 6597 6515 10903 12979 9609 8699
2098 2017 3981 15567 6724 10041 13025 10025 14053 0 11017 11102 2365 306 10477 1727 4510 10151 1630 3295 11864 5612 9073 4498 13039 2203 6794 10741 8059 1520 5418 5118 6521 4445 9171 6862 11136 4381 4244 14816 6384 8012 12069 5880 6021 16700 12331 5964 2469 11079 10961 1109 2504 5608 2805 3247 10131 10510 12675 1662 12284 5507 2870 2503 7592 3567 14210 4105 14889 2740 3227 10178 16928 5814 6571 137 2981 5589 4258 1614 5367 10415 10049 9929 12352 3708 6595 6592 10901 10598 11865 6768 2089 4934 3965 8368 671 833 4088 3845 1463 2965 11045 7464 3680 1225 2025 4590 13418 1900 1334 2720 5768 2295 1067 7985 6588 3560 2246 3073 6751 6029 6341 7148 5354 5003 2607 12467 10156 5584 6951 5957 12602 11491 1376 2992 4184 2047 10083 4583 6556 6008 7569 12766 4216 10058 14278 15945 12061 4329 5325 6699 1935 9882 3429 2737 2516 9531 12161 11401 12722 13319 7733 2009 4393 10252 1864 6959 1318 3671 4949 8109 10084 10199 7488 10340 15432 5680 1395 6596 1966 5154 6568 7423 2183 2494 12576 3794 8367 6998 4172 5563 5161 3675 10367 2919 3011 472 7004 2168 5447 6220 9970 5709 15761 10403 3003 1435 1338 10407 14347 4670 947 2026 3812 9739 11106 13194 2385 14357 10671 6309 10136 10213 15073 2797 5815 6938
13114 9070 7271 11480 10118 979 10559 1022 5978 11017 0 17850 8652 11319 1833 12288 15297 1142 9636 7757 2029 7950 2274 15101 3232 8820 10967 4716 17999 9516 7414 11099 17054 9144 5847 5074 1322 10066 9190 5914 15644 18585 1061 12913 9248 10427 1546 7029 8556 1589 119 10422 8547 10541 8403 12171 982 770 1662 10729 2065 8856 11606 8980 11737 11797 7238 7380 12819 8884 7795 2118 8913 8806 5772 11056 8146 7534 6926 9483 8050 895 972 15211 2354 7328 6153 5897 1515 837 1826 16120 8933 6857 14977 19338 11534 11398 7084 7289 10725 8059 992 14167 7353 10743 11483 11858 12771 9156 11909 13013 16225 9084 10622 11410 6569 8443 9069 7962 16142 13348 11959 18089 15721 7517 8706 12901 1002 6166 14391 13015 3503 14262 9660 8045 13188 9015 967 6842 12192 16784 10246 13601 14952 963 13875 12938 1496 8351 8417 14038 9158 15041 8033 13105 13499 16515 1242 16139 4409 3397 16424 9128 6720 783 12425 14165 9700 11022 11157 7753 948 990 4024 933 11607 8602 11788 5821 9056 13984 6382 18326 8859 8527 14830 12780 11483 14458 11144 5815 16033 9948 1806 8556 8006 10978 15809 12965 11894 16901 18307 7831 12054 1010 8395 9715 12098 1015 12454 11358 10248 12761 7525 2819 12875 5466 12940 13663 681 16510 883 804 12045 12578 11447 11367
9019 12989 14642 7122 10497 18749 8040 18672 12247 11102 17850 0 13464 10797 18008 9712 6880 18256 12531 14389 16758 13155 19323 7068 14866 13277 9633 14465 3821 12576 13847 10021 5063 12217 15005 16128 17642 11262 12226 12148 6250 3139 16793 8093 11614 7966 16579 14083 13536 17584 17877 11597 13596 10426 13768 9499 18485 18414 16200 11191 16446 12195 10106 13199 8622 9768 11042 14792 5782 13293 14329 17258 9470 12148 15354 11073 14017 13640 15009 12582 13852 18112 18738 5343 16269 14810 14858 15181 17177 18313 16847 5745 13191 15269 7168 2835 10549 10651 15090 14880 11226 14031 17824 7250 14782 11244 10689 9445 6438 12921 10112 9161 5904 13092 11392 8804 14358 13279 13105 14174 5732 7657 8825 4089 6055 13886 13257 6674 18410 15367 6424 7977 15440 5613 12473 14027 8868 13055 18625 14948 8535 5384 10089 5770 7225 18730 4693 5123 16811 13140 12734 7585 12900 5534 14144 8811 8654 4272 16766 3505 13997 14651 5171 13031 15256 18634 9569 6614 12410 11028 10014 12444 18666 18347 18013 18184 7021 12411 10211 15277 13043 7406 14591 3845 13279 13572 4395 8822 8602 7121 10239 15905 5977 11573 17385 13622 14103 11099 5934 9208 9165 5251 2215 13253 6386 18032 13521 12339 10068 18488 6434 9898 11906 9260 14653 17847 7234 12925 9239 4940 17944 5552 18712 18626 6641 9239 9477 9197
4461 707 1936 16338 6858 7677 13273 7664 12457 2365 8652 13464 0 2669 8189 3843 6801 7809 1273 988 9581 4687 6742 6732 10872 269 7273 9036 10319 911 4165 5757 8799 4064 7669 4862 8810 4542 3876 13070 8380 10355 9705 7178 5771 16853 9979 4627 261 8774 8597 2027 366 5959 978 4719 7775 8150 10311 2680 9982 5042 4138 1421 8329 4769 13037 2203 16355 1659 867 7944 16015 5344 4784 2405 892 4438 2097 997 4358 8068 7684 11618 10079 1360 4980 4865 8616 8243 9562 8824 292 3087 6327 10729 2922 2860 1876 1614 2554 640 8700 8935 1329 2436 3432 5637 14546 660 3425 4735 8005 1247 2230 8587 5157 2473 1131 742 8814 7461 7236 9501 7587 3702 1240 13548 7803 3669 8607 7282 10486 12982 1022 723 5811 596 7721 2606 7523 8321 7741 14157 6485 7693 16148 18132 9720 3407 4612 8201 772 11524 1716 4830 4861 11520 9798 13437 10844 11148 9757 786 2144 7887 3990 8549 1053 4347 5630 7310 7721 7848 5242 7993 16263 5099 3369 4837 447 6933 5050 9773 342 219 14403 5409 8984 8597 4933 3431 7501 3783 8101 1493 647 2384 8960 4411 6400 8518 12263 4737 16996 8064 1510 1247 3526 8054 15469 5475 1672 4255 1827 7545 12100 11550 4509 16139 8321 8514 7770 7848 16108 4614 6549 7567
1801 2297 4250 15438 6695 10342 12914 10325 14195 306 11319 10797 2669 0 10782 1473 4236 10444 1917 3602 12168 5737 9380 4239 13291 2501 6718 10926 7786 1812 5586 5045 6246 4526 9407 7107 11442 4391 4328 14978 6167 7706 12369 5703 6054 16613 12638 6135 2766 11385 11262 1255 2810 5566 3106 3085 10428 10816 12976 1682 12590 5576 2757 2782 7473 3443 14281 4399 14693 3011 3532 10449 16989 5879 6791 321 3286 5742 4536 1889 5582 10709 10350 9743 12656 4014 6793 6804 11181 10904 12171 6538 2394 5220 3666 8068 430 688 4393 4151 1497 3263 11351 7329 3986 1272 2022 4467 13280 2187 1105 2536 5504 2580 1164 7880 6764 3747 2536 3379 6520 5831 6214 6853 5056 5183 2854 12345 10452 5827 6718 5775 12891 11323 1682 3287 4059 2333 10382 4840 6417 5725 7525 12601 3949 10359 14043 15664 12367 4478 5428 6565 2213 9703 3720 2470 2228 9302 12466 11158 12923 13571 7505 2312 4679 10555 1605 6734 1618 3722 4873 8187 10384 10495 7792 10634 15300 5761 1199 6813 2264 4916 6755 7128 2489 2793 12356 3596 8256 6846 4101 5831 4854 3713 10644 3204 3313 537 6790 1925 5324 5941 9688 5839 15576 10696 3245 1694 1144 10713 14198 4582 1230 1739 4111 10038 11009 13352 2178 14131 10966 6051 10438 10515 14924 2582 5718 6840
12461 8752 7275 10885 11384 1885 12347 2062 7690 10477 1833 18008 8189 10782 0 12029 14176 2531 8915 7211 1392 8834 1518 13883 4942 8410 12253 6493 16192 9100 8162 11988 15546 9804 4014 5847 783 10759 9795 7507 13948 18344 2456 13912 10333 10068 2057 7899 8166 621 1921 10166 7989 11557 7686 12461 2214 1177 2859 10660 1808 9791 11846 8128 13180 12225 8956 6462 12225 7967 7330 3726 8579 9817 6616 10479 7496 8357 6902 9142 6550 2426 1892 13511 1890 6832 7090 6780 3300 1037 1391 14393 8435 5761 14198 17708 11093 11049 6389 6634 10599 7690 943 12341 6865 10547 10422 12576 11680 8793 11613 11919 14794 8285 10373 12925 7574 8703 8302 7449 14419 14351 13128 16741 15769 8134 8597 11580 2299 6654 15563 14027 2572 12811 9109 7722 11730 8671 2049 7030 13405 15469 11681 12416 13832 1890 13315 13020 1709 8879 9266 12252 8840 13331 7150 12993 12743 14781 2084 14872 6215 5062 14603 8473 6631 1606 12176 15363 9226 9618 12001 9222 1970 2339 2996 2410 10986 9565 11545 6688 8631 14601 7351 16875 8311 8120 13766 13152 13062 12656 11780 6103 15613 10438 3454 7688 7583 10569 14034 12092 12841 15500 16814 8731 11631 2567 8374 9393 11305 949 11602 12122 9588 12444 6701 1057 11290 7254 11953 13070 2355 14940 1740 1766 11369 12647 12504 12681
1458 3288 5020 15525 5777 11316 11632 11267 13805 1727 12288 9712 3843 1473 12029 0 3808 11293 3346 4827 13420 5562 10561 3962 13644 3619 5623 10888 7206 2931 5647 4010 5702 4201 10879 7591 12625 3744 4037 14648 6102 6573 13290 4322 5417 16794 13730 6186 3864 12606 12213 1884 4068 4635 4464 1814 11337 11892 13886 1617 13811 5130 1722 4225 6225 2292 13559 5793 14455 4466 4698 11055 17820 5397 7111 1789 4594 5714 5362 2890 7045 11567 11321 9753 13919 5197 6977 7075 11857 12003 13392 6365 3608 6641 2943 7158 1056 992 5685 5430 1579 4345 12487 7695 5164 1545 3180 3271 13436 3237 420 2981 5101 4011 1679 6667 6815 4042 3953 4585 6339 4408 4962 6034 3743 5331 3581 12622 11344 6334 5248 4383 14285 11387 2984 4325 4629 3362 11324 5493 5127 5115 6526 12638 3618 11330 13585 14800 13505 4505 5160 6967 3199 9757 5131 1017 1916 9041 13503 10742 12920 13911 7309 3671 5573 11567 147 5270 2825 4916 3834 7682 11340 11377 9081 11498 15376 5364 501 7109 3398 3444 6871 6316 3750 3908 12069 2193 7021 7142 3123 6528 3751 3259 11298 4633 4446 1490 6726 2141 4101 5362 8966 5682 15346 11527 3902 2640 1916 11827 14255 3507 2671 487 5478 11373 11452 13080 2559 13733 11833 5675 11432 11501 14934 1162 4572 5668
2502 6527 8486 11721 8831 14366 12628 14387 16813 4510 15297 6880 6801 4236 14176 3808 0 14594 5705 7615 15337 9335 13092 407 17448 6681 8327 14620 3550 6022 9455 7104 2011 7956 11065 11298 14953 7344 7807 17538 2417 4169 16348 6287 8896 12988 16233 9994 6946 14784 15270 5372 6844 7812 6918 4991 14524 14645 16917 5379 15795 8787 5269 6320 8363 5543 15888 7920 10667 6413 7620 14685 14190 9015 10888 4438 7193 9517 8768 6123 7684 14843 14375 5993 15682 8055 10782 10865 15408 14682 15452 2589 6510 8494 1048 4045 4155 4398 8226 8033 5293 7431 15001 4398 8034 5176 3824 6180 9675 6406 4048 2294 1300 6225 5207 8854 10622 7794 6247 7434 2559 6062 7331 2791 3101 9133 7076 8942 14564 10017 6007 6266 15152 7624 5779 7478 2680 6554 14443 9066 7318 1526 9323 8850 348 14384 9872 11436 15881 8314 8909 3832 6445 6018 7264 3525 2029 5234 16218 6988 16605 17718 3509 6230 8897 14514 3723 6182 5800 4611 6951 11152 14428 14614 11343 14766 11571 9040 4233 10893 6446 4786 10679 3039 6548 6961 8278 4799 9068 3805 6456 10066 2132 7002 14877 6742 7443 4690 3005 2391 6748 1717 5468 9458 11566 14852 7456 5929 3275 14472 10456 6619 5141 3347 7772 13178 7965 16429 2362 9993 15084 1872 14429 14514 11127 4246 7328 8158
12244 8157 6281 12612 9039 686 10303 514 6009 10151 1142 18256 7809 10444 2531 11293 14594 0 8891 6979 3114 6807 2208 14473 3426 7950 9898 4038 17918 8632 6275 9962 16542 8005 6376 3942 2293 8925 8055 6131 15508 17445 2005 11793 8126 11534 2679 5886 7684 2522 1031 9459 7751 9414 7692 11055 324 1378 2593 9702 3198 7718 10502 8325 10730 10667 7216 6821 13944 8271 6977 1206 10027 7673 4631 10205 7408 6391 5954 8570 7920 275 676 16029 3478 6539 5011 4755 1079 1542 2927 16015 8098 6438 14104 18442 10616 10448 6407 6582 9716 7190 1960 14468 6560 9754 10882 10715 13899 8258 10932 12385 15707 8397 9652 10438 5430 7365 8365 7161 16026 12231 10864 17294 14603 6387 7725 13977 234 5067 13313 11897 4600 15291 8831 7158 12850 8113 504 5805 11109 16120 9229 14717 14265 674 14987 13893 2637 7227 7275 14175 8243 15845 7428 12055 12665 17263 2354 17254 4265 3657 16597 8363 5777 925 11424 13091 8836 10704 10017 6742 584 193 3758 214 12741 7465 10796 4679 8187 12841 5241 17572 8050 7662 15968 11651 10550 14634 10003 4770 14994 8820 970 7924 7163 10059 15838 12206 10763 16298 19346 6689 13160 258 7391 8790 11323 1584 13597 10216 9456 11774 6904 3295 13813 5340 12246 14782 542 16122 805 767 13182 11496 10330 10308
3553 1499 3209 15353 7579 8679 14063 8689 13729 1630 9636 12531 1273 1917 8915 3346 5705 8891 0 1915 10289 5758 7566 5590 12075 1309 7844 10307 9159 1114 5322 6212 7667 4915 7622 6133 9605 5180 4713 14341 7131 9522 10698 7303 6626 16153 10841 5815 1508 9527 9596 1973 1179 6559 1242 4684 8820 9060 11296 2744 10722 5961 4198 881 8790 4893 14271 2485 15154 1137 1956 9134 15771 6273 6052 1597 1491 5572 3364 1379 3921 9138 8688 10348 10769 2356 6228 6127 9764 9131 10307 7587 1011 3304 5370 9720 2298 2388 2566 2349 2556 1892 9546 7675 2338 2348 2166 5875 13399 1333 2940 3535 6850 665 2110 9123 6373 3512 620 1754 7578 7506 7593 8470 6967 4862 2263 12399 8859 4941 8512 7392 10973 11739 640 1993 4538 1431 8746 3878 7846 7230 8463 12942 5373 8697 14878 16866 10547 4436 5609 6936 1480 10257 1803 4362 3883 10258 10708 12175 12112 12348 8507 538 3387 8855 3488 8501 926 3161 6060 8391 8735 8909 5918 9061 15253 6063 2964 6102 1160 6734 6282 8731 942 1486 13131 5302 9519 7326 5299 4693 6699 4407 9270 1289 1834 1897 7702 3330 6708 7408 11115 5825 15878 9149 2625 1475 2462 8931 14340 5837 687 3655 2215 8133 10955 12822 3357 14877 9379 7334 8755 8837 15023 4355 6976 8069
5369 1640 1796 15921 7416 6790 13628 6791 12045 3295 7757 14389 988 3602 7211 4827 7615 6979 1915 0 8603 4944 5780 7505 10180 1234 7929 8671 11071 1897 4298 6513 9582 4600 6819 4444 7846 5222 4433 12564 8977 11308 8817 8055 6241 16154 9036 4676 1034 7802 7710 3013 793 6625 823 5668 6916 7220 9420 3642 9010 5474 5073 1539 9032 5678 12796 1402 16297 1640 283 7238 15129 5753 4536 3317 494 4603 1767 1979 3822 7228 6798 11953 9099 441 4837 4654 7851 7304 8590 9449 1224 2239 7224 11609 3885 3841 903 642 3527 716 7749 9238 425 3419 4014 6494 14443 1633 4408 5444 8764 1513 3217 9241 5114 2915 1447 251 9443 8361 8015 10365 8570 3854 1891 13477 6952 3402 9539 8163 9499 13154 1920 849 6306 1539 6848 2405 8313 9141 8277 14218 7286 6807 16395 18452 8766 3788 4971 8545 1719 11835 1186 5818 5742 12045 8871 13947 10332 10450 10343 1384 1665 6982 4975 9468 2015 4555 6401 7475 6841 7000 4254 7151 15879 5480 4356 4605 1436 7896 4962 10631 1112 972 14723 6366 9631 8975 5750 2974 8454 4500 7362 1313 518 3358 9522 5231 7215 9322 13027 4968 16722 7237 1981 2231 4352 7111 15297 6283 2492 5232 1024 6557 12053 11144 5272 16317 7472 9242 6874 6954 15836 5597 7303 8260
13822 10140 8613 9715 12144 2659 11693 2800 6993 11864 2029 16758 9581 12168 1392 13420 15337 3114 10289 8603 0 9856 2877 15001 4372 9801 12996 6585 16454 10492 9252 13033 16332 10951 4523 6896 908 11899 10967 6650 14607 19213 1957 14899 11235 8801 1095 8921 9557 832 2149 11554 9380 12516 9066 13771 2866 1866 2063 12031 462 10790 13165 9486 13753 13490 8231 7821 11068 9314 8722 4145 7291 10768 7639 11862 8883 9409 8242 10532 7653 2902 2660 13255 501 8224 8065 7783 3472 1703 222 14975 9827 7086 15502 17936 12483 12442 7777 8023 11977 9079 1191 12708 8256 11932 11696 13721 10793 10183 13005 13155 15710 9651 11761 13407 8512 9990 9673 8842 15007 15339 13978 17513 17157 9285 9964 10876 2922 7841 16418 15006 1485 12233 10499 9108 12747 10061 2761 8322 14217 16430 12269 11603 15007 2654 12156 11668 776 10075 10312 12790 10229 13095 8510 14379 14080 14566 1354 14139 5799 4414 14915 9857 7982 2337 13567 16193 10618 10726 13072 9777 2701 2934 4377 2924 9828 10545 12935 7699 10023 15819 8310 17529 9702 9511 12878 14445 13452 13129 12957 7353 16972 11663 3829 9047 8974 11961 14534 13406 13855 16389 16286 9743 10400 3028 9725 10783 12649 1801 10566 13239 10966 13836 8074 2213 10877 6740 13232 11922 2709 15709 2501 2477 10240 14008 13440 13396
6992 4259 3210 18850 2884 7196 8684 7060 8459 5612 7950 13155 4687 5737 8834 5562 9335 6807 5758 4944 9856 0 7479 9520 8163 4526 3672 5326 12422 4685 791 3178 11069 1382 10888 2986 8963 2166 1529 9257 11664 10637 8639 5082 1629 17636 9465 937 4428 9122 7837 4503 5003 2729 5552 4511 7013 7992 9112 4140 9998 960 4104 6107 4804 4021 8644 6245 18627 6334 4668 6058 16474 1057 2223 5744 5302 504 3405 4431 8742 7058 7195 15315 10267 4812 1797 2072 6892 8158 9693 11918 4841 6893 8373 11761 5569 5245 5497 5344 4289 4336 8664 13066 4784 4485 7553 3910 18996 4424 5406 8248 10596 5930 4572 4805 1408 2246 5812 4824 11890 5523 4345 11002 7904 1130 3504 18079 6970 2421 6733 5196 11317 16950 5173 4184 9793 4334 7101 2794 4644 10458 3596 18181 9173 7201 17727 16477 9445 1328 473 12302 4278 15318 6125 5863 7467 14493 9120 15865 7360 8415 12843 5420 3677 7518 5630 6541 4927 8910 3217 2634 7158 6970 7134 7016 18981 763 5203 2159 4615 6035 1571 11258 5004 4482 17236 4977 5138 12572 3236 3151 8546 2336 6365 6112 4522 5201 12289 7516 4015 10718 13722 126 18339 6956 3179 4436 6870 8087 19588 3408 5714 5999 5909 8928 16682 7634 7858 17979 7299 11165 7354 7380 19234 5161 3678 4102
11116 7274 5757 12343 10181 1582 12510 1717 8144 9073 2274 19323 6742 9380 1518 10561 13092 2208 7566 5780 2877 7479 0 12862 5447 6950 11042 6153 15866 7648 6767 10580 14779 8354 4340 4528 2067 9307 8331 8160 13438 17083 3272 12510 9044 11575 3275 6560 6700 2050 2285 8685 6569 10207 6324 10943 1922 1557 3825 9154 3249 8439 10327 6834 12068 10715 9380 5190 13665 6708 5876 3319 10093 8501 5302 9087 6105 6987 5383 7672 5810 2283 1594 14030 3378 5382 5807 5480 3263 1591 2831 13933 7000 4604 12929 17072 9663 9595 5004 5236 9100 6216 1979 12259 5413 9058 9269 11109 12914 7325 10150 10797 13952 6966 8892 11894 6313 7192 6968 6010 13950 12940 11822 15855 14283 6696 7088 12653 2011 5204 14191 12628 4074 13711 7697 6238 10915 7199 1749 5521 12116 14536 10607 13564 12744 1600 14745 14536 2988 7408 7889 11983 7363 13839 5864 11505 11445 15150 3159 15820 6450 5637 14413 7093 5114 1552 10708 14010 7791 8749 10577 8261 1685 2073 1756 2222 12436 8231 10071 5383 7178 13097 6077 16070 6891 6658 14940 11635 12101 12437 10304 4616 14234 8947 3150 6399 6120 9126 13691 10843 11440 14636 17253 7386 13118 2391 6857 7921 10010 1383 12961 10673 8220 10993 5380 1486 12093 7526 10765 14494 2386 14241 1547 1630 12798 11135 11154 11478
2583 6506 8478 11565 9155 14195 13028 14230 17200 4498 15101 7068 6732 4239 13883 3962 407 14473 5590 7505 15001 9520 12862 0 17526 6630 8678 14836 3587 5991 9593 7410 2077 8148 10681 11341 14665 7581 7991 17941 2163 4468 16133 6661 9165 12834 15935 10138 6892 14484 15083 5420 6749 8115 6780 5257 14378 14419 16678 5492 15455 9016 5495 6156 8746 5812 16295 7723 10566 6231 7529 14664 13971 9255 10974 4414 7066 9674 8744 6111 7359 14712 14205 5795 15328 7946 10901 10963 15346 14444 15127 2404 6439 8258 1385 4238 4203 4468 8072 7891 5390 7368 14735 4058 7928 5256 3620 6492 9482 6377 4165 2096 1275 6077 5267 9237 10770 7880 6108 7336 2378 6447 7695 2995 3508 9252 7093 8713 14424 10059 6413 6644 14759 7430 5714 7425 2295 6525 14285 9078 7691 1684 9674 8676 351 14214 9819 11467 15577 8449 9106 3465 6427 5807 7081 3777 2099 5121 15949 6930 16852 17805 3355 6123 8853 14322 3889 6586 5758 4281 7253 11434 14264 14477 11107 14634 11416 9265 4358 10984 6398 5166 10813 3225 6463 6902 8182 5108 9458 3466 6728 10060 2539 7197 14833 6568 7366 4719 2775 2337 7088 1829 5534 9640 11466 14732 7482 5930 3213 14234 10293 6918 5061 3521 7597 12869 7682 16769 2233 9926 14942 1812 14248 14334 10979 4497 7666 8522
14959 11043 9067 10844 9125 3901 7417 3806 2753 13039 3232 14866 10872 13291 4942 13644 17448 3426 12075 10180 4372 8163 5447 17526 0 10950 9793 3031 18684 11565 7999 10700 19089 9546 8845 6185 4223 10232 9683 2720 18876 16423 2512 11954 8799 9581 3280 7466 10693 4482 3192 12107 10897 10001 10956 12621 3619 4002 2314 12068 4043 8790 12264 11633 10100 12090 4019 10216 11913 11615 10119 2942 8312 8593 6563 13128 10648 7951 8817 11431 11257 3248 3889 16459 4309 9741 6667 6582 2396 4054 4167 19333 11163 9864 16535 17370 13324 13065 9733 9879 12157 10231 3999 17052 9755 12280 14186 11626 12836 11178 13400 15605 18745 11669 12262 9649 6842 9658 11618 10322 19361 12292 10860 18127 15460 8315 10437 13479 3547 7467 12820 12011 5348 14866 11874 10162 16275 11030 3761 8455 10966 18531 8840 13684 17214 3882 12683 10994 3602 9138 8605 17153 11120 16396 10790 14025 15439 17344 3037 15573 1472 279 18953 11536 8730 3895 13734 12599 11805 14129 10832 6648 3808 3486 7138 3321 10993 8528 13214 6556 11177 13428 6775 18124 11163 10689 14302 12950 9556 17501 11203 7489 16395 10498 2830 11260 10254 12806 18901 15207 11232 18779 16784 8038 11015 3180 10046 11604 14348 4244 12099 11142 12541 14111 10264 5989 14229 2369 15371 12574 3084 19319 3907 3822 11442 13316 10661 10068
4302 438 1933 16528 6627 7842 13064 7823 12435 2203 8820 13277 269 2501 8410 3619 6681 7950 1309 1234 9801 4526 6950 6630 10950 0 7025 9014 10216 701 4039 5497 8687 3846 7938 4878 9018 4295 3654 13075 8338 10156 9868 6908 5558 17099 10171 4519 265 8989 8761 1780 625 5712 1231 4453 7927 8337 10474 2417 10196 4841 3870 1606 8073 4500 12963 2472 16456 1860 1079 8036 16285 5146 4753 2256 1162 4302 2138 745 4603 8212 7849 11645 10300 1579 4919 4823 8728 8434 9776 8772 315 3357 6168 10570 2728 2644 2131 1869 2295 761 8899 8982 1545 2185 3426 5369 14674 399 3203 4669 7905 1410 1985 8338 5068 2293 1290 984 8760 7192 6973 9352 7361 3577 1037 13674 7952 3656 8340 7012 10731 13048 925 796 5815 327 7880 2595 7258 8195 7511 14246 6372 7858 16170 18083 9919 3229 4429 8240 503 11559 1977 4596 4715 11491 9981 13404 10860 11228 9714 895 2224 8060 3766 8281 886 4446 5368 7158 7882 7996 5478 8137 16445 4909 3138 4801 237 6671 4973 9626 487 294 14420 5145 8735 8623 4667 3475 7304 3532 8204 1725 830 2180 8929 4298 6134 8398 12149 4583 17143 8203 1350 998 3417 8248 15607 5210 1597 4042 2096 7785 12227 11531 4422 16179 8468 8424 7940 8016 16265 4362 6288 7313
6902 6611 6513 16037 869 10438 6258 10274 8571 6794 10967 9633 7273 6718 12253 5623 8327 9898 7844 7929 12996 3672 11042 8678 9793 7025 0 6830 10151 6781 4453 1675 9297 3365 14495 6520 12189 2731 3512 9395 10645 7679 11323 2162 2044 15902 12283 4532 7067 12403 10848 5928 7640 1313 8252 3817 10172 11238 11605 5189 12988 2765 3979 8545 1155 3336 8024 9332 15010 8822 7650 8859 16306 2615 5749 6922 8116 4176 6806 6532 11628 10097 10434 13559 13293 7964 5236 5567 9589 11408 12794 10627 7281 10134 7293 8973 6336 6031 8699 8485 5392 7218 11858 12724 7928 5630 8713 2363 16071 6730 5777 8538 9235 8313 5847 1315 4729 5048 8199 7729 10589 2528 1071 8682 5667 4686 6075 16153 10105 6091 3423 2227 14468 14790 7210 7079 10146 6720 10303 6295 1238 8758 996 15359 8356 10438 14055 13139 12393 4301 3356 12137 6577 13682 8976 5173 7229 12303 11919 12863 8461 9949 11268 7767 7112 10753 5582 3197 6924 10438 1845 3280 10374 10085 10805 10079 16022 2911 5607 5665 6983 3645 4965 8862 7485 7135 14005 3671 1711 12132 2621 6813 6618 3494 9178 8744 7420 6328 11128 7693 1610 8992 10745 3742 15140 9969 5948 6383 7523 11391 15926 2141 7434 5799 8952 12522 15958 8102 8126 14306 10286 9686 10596 10598 15840 4562 1063 437
12317 8951 7099 13582 6117 4724 6480 4551 3422 10741 4716 14465 9036 10926 6493 10888 14620 4038 10307 8671 6585 5326 6153 14836 3031 9014 6830 0 16917 9472 5346 7669 16080 6689 10415 4227 6032 7277 6851 4095 16990 14207 4673 8989 5778 12322 5642 4795 8799 6303 4610 9671 9198 6969 9492 9648 4361 5317 4833 9433 6420 5833 9352 10206 7298 9104 4155 9297 14395 10306 8505 2848 11216 5611 4261 10860 9165 5219 6974 9270 11258 4083 4714 19358 6726 8291 4156 4201 3204 5456 6363 17206 9297 9346 13610 15507 10829 10520 8594 8632 9564 8439 5708 17894 8289 9736 12434 8596 15705 9113 10727 13459 15816 10142 9782 6893 4163 7182 10052 8720 17175 9356 7901 15494 12476 5742 8224 16464 4269 5366 10066 9057 7898 17749 9895 8324 14822 8978 4543 6429 8042 15500 5920 16478 14486 4712 14843 12822 5849 6476 5730 17216 9008 19384 9649 11098 12794 18723 5298 17299 2034 3237 18044 9810 7014 4935 10952 9836 9732 13219 7802 3622 4622 4216 7337 4113 13729 5579 10526 4216 9201 10429 4173 15647 9373 8821 16591 9931 6889 17632 8202 5697 13375 7639 3070 9963 8538 10393 17611 12798 8212 15751 16604 5208 13525 3945 7822 9373 12068 5557 14855 8115 10550 11317 9174 7332 17235 2516 13101 14831 4137 16355 4836 4785 14144 10378 7647 7143
6031 10076 12036 8470 10920 17431 11471 17533 16015 8059 17999 3821 10319 7786 16192 7206 3550 17918 9159 11071 16454 12422 15866 3587 18684 10216 10151 16917 0 9568 12733 9553 1540 11068 12192 14796 16833 10268 10962 15969 2433 2762 18408 8019 11494 9693 17456 13230 10478 16559 18062 8900 10328 10215 10317 7914 17723 17240 18269 8821 16669 11662 8365 9656 9621 8401 14766 11112 7271 9690 11109 18234 11091 11806 14296 7984 10616 12721 12318 9673 10061 18095 17443 3409 16367 11512 14089 14239 18919 17162 16675 1934 10027 11480 4265 1549 7691 7914 11568 11410 8762 10956 17109 3856 11495 8672 7094 8667 6682 9953 7507 5627 2314 9605 8726 10024 13816 11248 9647 10912 1918 7627 9086 1486 4631 12484 10619 6231 17796 13527 6853 7940 15208 4790 9302 11012 5068 10101 17577 12607 8920 2096 11023 5806 3846 17450 6381 7889 17218 11632 11955 3962 9994 3536 10524 6643 5570 2185 17787 3553 17618 18451 1593 9696 12438 17410 7095 7084 9340 7216 9449 13424 17526 17858 14199 18022 8325 11930 7675 14283 9983 6659 13931 1289 10047 10489 4921 7460 10037 3542 9224 13615 3882 10144 18421 10042 10952 8233 2197 5918 8893 1859 1956 12549 8150 18165 10993 9479 6799 16989 7281 9174 8648 6721 11050 15182 5817 16563 5814 6527 18247 1832 17413 17496 7866 7308 9429 9811
3613 529 2499 16447 6479 8538 12964 8516 12875 1520 9516 12576 911 1812 9100 2931 6022 8632 1114 1897 10492 4685 7648 5991 11565 701 6781 9472 9568 0 4307 5180 8033 3801 8418 5428 9716 4088 3598 13563 7778 9456 10562 6435 5512 17262 10872 4824 961 9684 9456 1145 1164 5483 1672 3895 8617 9038 11168 1858 10891 4850 3342 1772 7769 4007 13282 3003 16115 2052 1772 8674 16730 5162 5223 1584 1716 4537 2753 264 4890 8897 8545 11195 10990 2269 5327 5271 9386 9135 10471 8194 693 3888 5477 9877 2027 1949 2771 2512 1706 1458 9599 8589 2237 1559 2977 4936 14434 386 2513 4090 7266 1536 1339 8076 5411 2452 1426 1653 8180 6686 6609 8665 6675 3855 1257 13439 8641 4170 7789 6533 11389 12671 490 1475 5353 534 8574 3131 6878 7527 7365 13911 5721 8554 15673 17457 10619 3357 4512 7832 464 11123 2418 3920 4036 10940 10681 12839 11380 11844 9149 1002 2875 8759 3079 7745 260 4226 5036 7309 8577 8683 6152 8822 16341 4957 2459 5261 470 6076 5347 8941 868 995 13932 4569 8474 8189 4295 4075 6603 3313 8855 2038 1529 1480 8383 3654 5741 7736 11488 4759 16905 8884 1654 414 2783 8949 15381 4840 1082 3346 2647 8453 12006 11980 3812 15716 9154 7796 8638 8713 16082 3730 5959 7030
7018 3833 2520 18826 3675 6605 9343 6480 8642 5418 7414 13847 4165 5586 8162 5647 9455 6275 5322 4298 9252 791 6767 9593 7999 4039 4453 5346 12733 4307 0 3826 11300 1731 10096 2356 8348 2656 1797 9398 11686 11184 8182 5753 2416 17579 8953 551 3903 8489 7306 4331 4452 3450 4964 4854 6453 7386 8693 4109 9430 1704 4370 5567 5591 4417 8975 5546 19399 5775 4032 5644 16197 1842 1644 5542 4691 318 2674 4069 8049 6536 6605 15319 9685 4124 1356 1538 6483 7548 9102 11994 4354 6156 8552 12237 5483 5179 4784 4648 4227 3741 8064 12861 4098 4391 7260 4470 18711 4001 5429 8122 10746 5410 4436 5597 1185 1876 5296 4204 11970 6190 5082 11374 8355 462 3066 17713 6419 1638 7426 5870 10687 16908 4780 3591 9584 3892 6525 2041 5387 10695 4384 18184 9256 6612 18495 17190 8899 1144 1128 12096 3867 15288 5484 6094 7501 14686 8620 16268 7366 8265 12949 4931 2930 6923 5735 7243 4562 8481 3840 3180 6576 6425 6351 6487 18971 1542 5235 1603 4162 6586 1224 11641 4497 3950 17651 5397 5929 12414 3730 2362 8907 2600 5936 5523 3915 5051 12316 7453 4681 10951 14203 751 18817 6445 2697 4120 6730 7461 19582 3987 5376 6112 5227 8195 16265 7775 7756 18749 6788 11320 6760 6793 19430 5425 4393 4881
5363 5068 5336 17060 1790 10373 7926 10234 9960 5118 11099 10021 5757 5045 11988 4010 7104 9962 6212 6513 13033 3178 10580 7410 10700 5497 1675 7669 9553 5180 3826 0 8422 2264 13297 6156 12141 1364 2333 10804 9510 7486 11705 1930 1940 17358 12585 4114 5575 12298 10984 4271 6122 708 6728 2253 10181 11170 12116 3522 13160 2245 2323 6952 2588 1724 9563 7903 15779 7232 6244 9118 17981 2303 5400 5247 6632 3637 5675 4942 10066 10204 10372 12847 13435 6620 4967 5250 9930 11336 12867 9593 5729 8752 6056 8668 4668 4359 7348 7112 3724 5797 11841 11450 6582 3960 7048 930 16142 5171 4129 6974 8179 6716 4180 2912 4532 3781 6606 6292 9558 2364 1506 8073 4923 3888 4622 15782 10134 5382 3613 2047 14494 14342 5587 5671 8611 5180 10274 5281 1813 7833 2517 15283 7068 10378 14704 14319 12595 3250 2728 10788 5024 12926 7474 3704 5734 11732 12229 12772 9532 10903 10374 6179 5988 10695 3986 3442 5303 8767 176 4072 10333 10130 9934 10167 16987 2497 3952 5336 5427 2927 4726 8302 5934 5644 14099 2305 3307 10862 945 6021 5731 2015 9435 7188 5994 4652 10063 6126 860 8086 10601 3289 16200 10095 4570 4773 5884 11264 16424 510 5773 4241 7519 11974 15054 9372 6555 14954 10435 8695 10531 10555 16650 3030 792 1857
4493 8538 10496 9899 9972 16216 12000 16268 16703 6521 17054 5063 8799 6246 15546 5702 2011 16542 7667 9582 16332 11069 14779 2077 19089 8687 9297 16080 1540 8033 11300 8422 0 9692 11810 13275 16312 8959 9567 16975 1741 2948 17988 7136 10339 11146 17420 11818 8951 16076 17059 7364 8824 9118 8853 6571 16428 16315 18370 7310 16709 10391 6968 8217 8996 7090 15458 9746 8754 8276 9604 16694 12483 10573 12813 6448 9142 11319 10780 8134 9043 16773 16226 4426 16470 10023 12651 12772 17415 16303 16519 1455 8507 10212 2760 2296 6152 6380 10135 9960 7242 9433 16476 3800 10005 7145 5662 7501 7984 8417 5988 4157 842 8146 7192 9452 12427 9738 8180 9412 1418 6797 8229 1208 3629 11019 9080 7395 16480 12000 6291 7078 15503 5984 7779 9484 3873 8565 16321 11068 8123 611 10249 7120 2315 16235 7901 9425 17069 10176 10615 3582 8456 4503 9123 5216 4030 3424 17590 5039 17660 19198 1975 8200 10906 16302 5598 6509 7808 6034 8296 12458 16292 16536 13032 16695 9751 10656 6161 12808 8453 5665 12517 1333 8536 8964 6376 6201 9554 3299 7960 12075 2706 8748 16888 8620 9437 6694 1957 4390 7870 350 3463 11195 9643 16801 9455 7939 5273 16098 8670 7993 7132 5221 9644 14489 6701 16888 4310 8037 16993 623 16249 16336 9295 5908 8438 9021
